20250111120000
20250112000000
20250112000000
20250112000001
20250112000002
20250112000003
20250112000004
20250112000005
20250112000006
20250115000000
20250115000000
20250115000000
20250115000005
20250116000000
20250116000001
20250116000002
20250116000003
20250116000004
20250119174629
20250119174630
20250119200000
20250120000000
20250120120000
20250123083709
20250126000000
20250126000001
20250126000002
20250126000003
20250126000004
20250126000005
20250126000006
20250126000007
20250129000000
20250129000001
20250129000002
20250131000001
202510300001
202510300002
20251107182307
20251109184212
20251109184213
20251109184214
20251109184215
20251109184216
20251110120121
20251123090005
20251129000000
20251202000000
2025120201
2025120202
20251202093000
20251203120000
20251203120001
20251204000000
20251204094500
20251205090000
20251205090010
20251205090020
20251211
20251212093000
20251212094500
20251212095000
20251212100000
20251214000000
20251214000001
20251214150000
20251214153000
20251215133000
20251215143000
20251215163000
20251215173000
20251215180000
20251219000900
20251219001000
20251224000000
20251224010000
20251224020000
20251224030000
20251224040000
20251224050000
20251224060000
20251224070000
20251224
20251224
20251229120000
20251229155200
20251229170000
20251229180000
20251229190000
20251229200000
20251229210000
20251230090000
20260103130000
20260103160000
20260104000000
20260104203000
